0 DELTA 1 R/B(1)
1 10062U 77048B   17352.88762790 +.00000245 +00000-0 +59459-4 0  9997
2 10062 028.4143 248.6042 0736769 080.9173 287.3935 13.36603420971647
0 SL-3 R/B
1 10114U 77057B   17352.92958700 +.00000485 +00000-0 +27744-4 0  9996
2 10114 097.2057 166.0589 0015000 039.1385 321.0931 15.16922418211359
0 SL-8 R/B
1 10121U 77059B   17352.86621926 -.00000063 +00000-0 -12713-4 0  9990
2 10121 074.0450 152.9254 0017860 099.7990 260.5180 14.35841977116133
0 SL-8 R/B
1 10521U 77119B   17352.96094652 +.00000050 +00000-0 +24056-4 0  9999
2 10521 074.0288 285.0034 0022334 253.1319 106.7387 14.40700159098606
0 SL-3 R/B
1 10582U 78004B   11300.91480926 +.03637523 -94300-6 +39843-3 0  9991
2 10582 081.1592 191.9218 0006884 153.4864 206.6171 16.37308531863683
0 UME 2 (ISS-B)
1 10674U 78018A   17352.67077278 -.00000031 +00000-0 +31372-4 0  9999
2 10674 069.3629 026.6331 0166676 236.9068 254.0545 13.43605850953919
0 SL-8 R/B
1 10677U 78019B   17353.17554019 -.00000018  00000-0  27546-5 0  9996
2 10677  74.0385 319.6352 0015613 343.2920  16.7719 14.40045484 89123
0 SL-3 R/B
1 10861U 78045B   13319.63457375  .11496778 -92355-6  23341-3 0  9997
2 10861 081.1669 269.3699 0003216 253.0327 107.0561 16.47147531955207
0 SEASAT 1
1 10967U 78064A   17352.92505328 +.00000013 +00000-0 +44008-4 0  9994
2 10967 108.0164 325.5284 0003037 267.2032 092.8765 14.43685829073039
0 COSMOS 1025
1 10973U 78067A   07069.44117781  .15194120 -12345-5  15273-3 0  9998
2 10973 082.4082 101.0362 0009783 254.7134 218.0656 16.50741723574574
0 SL-14 R/B
1 10974U 78067B   17352.71225155 +.00000107 +00000-0 +91060-5 0  9994
2 10974 082.4812 354.4420 0019018 091.8850 268.4545 14.87263567113873
0 SL-8 R/B
1 11112U 78105B   17353.01324027 -.00000051  00000-0 -80046-5 0  9996
2 11112  74.0283 186.2554 0034715 296.0644  63.6937 14.37157584 46306
0 METEOR 1-29
1 11251U 79005A   17352.69405901 +.00001505 +00000-0 +43975-4 0  9996
2 11251 097.7268 218.8830 0017409 133.9434 226.3249 15.36932416667949
0 SL-14 R/B
1 11267U 79011B   17352.85354230 +.00000116 +00000-0 +96940-5 0  9994
2 11267 082.5259 055.1466 0016270 340.7305 019.3295 14.88874212081749
0 SL-3 R/B
1 11332U 79032B   09128.99194196  .28742236 -98106-6  11963-3 0  9997
2 11332 081.2079 330.3676 0011717 252.5071 107.8361 16.57177424659095
0 SL-8 R/B
1 11427U 79060B   17352.76713222 +.00000076 +00000-0 +34286-4 0  9995
2 11427 074.0188 047.0069 0019221 145.5733 214.6670 14.37325450014447
0 SL-8 R/B
1 11511U 79078B   17353.16517031 -.00000032  00000-0 -17872-5 0  9990
2 11511  74.0367 335.3036 0015608 179.2782 180.8397 14.36797039  5186
0 SL-8 R/B
1 11574U 79089B   17352.84690462 +.00000083 +00000-0 +34203-4 0  9995
2 11574 074.0696 238.1885 0014746 096.8600 263.4234 14.40654911003550
0 COSMOS 1151
1 11671U 80005A   14216.59500176  .14838416 -12223-5  12758-3 0  9993
2 11671 082.4436 262.1980 0010847 239.2010 121.7391 16.51711581895956
0 SL-14 R/B
1 11672U 80005B   17352.85191382 +.00000118 +00000-0 +10073-4 0  9990
2 11672 082.5166 265.0661 0018206 066.2648 294.0477 14.87900377050859
0 SL-3 R/B
1 11822U 80044B   17352.95758488 +.00004417 +00000-0 +88754-4 0  9994
2 11822 081.2296 358.4267 0012935 038.4389 321.7775 15.46285733061771
0 SL-3 R/B
1 11849U 80051B   16134.66285752  .18118139  28606-5  22885-3 0  9990
2 11849  97.6851  91.5878 0009508 240.6204 119.7488 16.49289048975997
0 SL-3 R/B
1 11933U 80069B   14142.00220786  .13526183 -93797-6  14751-3 0  9999
2 11933 081.1638 015.6664 0010317 233.6206 126.8454 16.50143735859229
0 COSMOS 1220
1 12054U 80089A   14046.92356602  .10642788  78504-5  35630-3 0  9990
2 12054 064.9024 045.5536 0015341 327.6303 033.4497 16.43050581730424
0 SL-8 R/B
1 12139U 81003B   17352.67467706 +.00002363 +00000-0 +11544-3 0  9991
2 12139 082.9472 014.2692 0470328 270.6776 084.0575 14.54685703873788
0 COSMOS 1242
1 12154U 81008A   14128.76108772  .22952414  00000-0  00000+0 0  9992
2 12154 081.0788 145.6503 0163402 265.2440 091.5794 16.49137473828930
0 SL-3 R/B
1 12155U 81008B   17352.89563358 +.00001358 +00000-0 +43390-4 0  9996
2 12155 081.1620 206.3593 0030580 073.9745 286.4856 15.31235789988887
0 SL-8 R/B
1 12389U 81033B   15192.92184244  .24045308 -12285-5  13476-3 0  9994
2 12389 082.8246 077.2321 0005162 254.4661 106.7109 16.55182833770380
0 SL-8 R/B
1 12443U 81041B   17353.00977167 -.00000057  00000-0 -11060-4 0  9990
2 12443  74.0519 188.8117 0005438 248.6247 111.4325 14.34689918914531
0 SL-3 R/B
1 12465U 81046B   17352.89526696 +.00000338 +00000-0 +16870-4 0  9996
2 12465 081.2419 172.2239 0035408 064.3993 296.0887 15.14055405982318
0 METEOR PRIRODA
1 12585U 81065A   17352.89715169 +.00000801 +00000-0 +39509-4 0  9994
2 12585 097.4524 329.8139 0016187 112.0860 248.2096 15.20695109984527
0 COSMOS 1299
1 12783U 81081A   17352.91617199 -.00000072 +00000-0 +13695-4 0  9998
2 12783 065.1143 179.7999 0044424 214.5836 145.2335 13.85368066837503
0 SL-3 R/B
1 12904U 81103B   17352.89934466 +.00000438 +00000-0 +28664-4 0  9991
2 12904 081.1786 064.5997 0028664 175.6041 184.5440 15.05422193520396
0 SL-3 R/B
1 13068U 82013B   17352.94825478 +.00000675 +00000-0 +43193-4 0  9999
2 13068 081.2037 011.5264 0022411 067.9128 292.4472 15.07073167951050
0 SL-14 R/B
1 13114U 82025B   17352.84535069 +.00000039 +00000-0 +21445-4 0  9997
2 13114 082.5408 055.8358 0014339 356.9913 121.8034 13.84663711805685
0 SL-3 R/B
1 13154U 82039B   17353.19703907  .00000278  00000-0  21032-4 0  9990
2 13154  81.1833  21.5746 0041100  50.5374 309.9469 14.98433011931440
0 COSMOS 1365
1 13175U 82043A   17353.20964255 -.00000089  00000-0  50031-6 0  9999
2 13175  65.0694  14.3115 0046831  31.8809  33.0058 13.89601415809177
0 LANDSAT 4
1 13367U 82072A   17352.97190598 +.00000767 +00000-0 +43808-4 0  9992
2 13367 098.2604 171.8846 0011942 295.2336 184.5701 15.16182347338337
0 COSMOS 1400
1 13402U 82079A   14256.66778491  .27275328 -94809-6  79222-3 0  9990
2 13402 081.0858 318.9218 0010816 262.6711 226.2494 16.44432491764223
0 SL-3 R/B
1 13403U 82079B   17353.14771793  .00000343  00000-0  21189-4 0  9990
2 13403  81.1713  57.4776 0033831  29.8672 330.4472 15.06751958924579
0 COSMOS 1408
1 13552U 82092A   17352.81399119 +.00001598 +00000-0 +59895-4 0  9999
2 13552 082.5690 106.0925 0020265 112.7767 247.5615 15.26282836924960
0 SL-14 R/B
1 13553U 82092B   17352.76346500 +.00000114 +00000-0 +10634-4 0  9991
2 13553 082.5699 062.1201 0022187 151.3586 348.1564 14.84150908883324
0 COSMOS 1410
1 13589U 82096A   17352.93615208 +.00000053 +00000-0 +31495-3 0  9996
2 13589 082.6088 211.3349 0005650 244.1908 240.5590 12.42303475598746
0 OPS 9845 (DMSP 5D-2 F6)
1 13736U 82118A   17352.90873830 +.00000037 +00000-0 +31483-4 0  9999
2 13736 098.5760 177.7629 0008562 076.2915 283.9220 14.29255282821745
0 COSMOS 1437
1 13770U 83003A   17352.88981122 +.00007649 +00000-0 +11810-3 0  9999
2 13770 081.1581 281.2643 0005695 343.8321 016.2745 15.53923216915185
0 IRAS
1 13777U 83004A   17353.13845484 -.00000149  00000-0 -71247-4 0  9997
2 13777  98.9512 179.9770 0017604 259.7522 206.9907 14.00415605452405
0 SL-8 R/B
1 13917U 83021B   17352.89868587 +.00000077 +00000-0 +62409-4 0  9991
2 13917 082.9440 109.5817 0029814 093.7314 023.4551 13.76829938744744
0 COSMOS 1455
1 14032U 83037A   17352.82804630 +.00001084 +00000-0 +52505-4 0  9994
2 14032 082.5175 264.9132 0017627 003.8768 356.2599 15.17368063889376
0 COSMOS 1461
1 14064U 83044A   17352.43477394  .00000591  00000-0  63931-4 0  9994
2 14064  65.0017  74.6462 0112231 323.9051  35.4523 14.93904963750875
0 COSMOS 1470
1 14147U 83061A   17352.83912749 +.00001352 +00000-0 +79375-4 0  9992
2 14147 082.4847 217.6329 0015426 352.1143 007.9842 15.10823055632415
0 SL-14 R/B
1 14148U 83061B   17353.23699442  .00000108  00000-0  10226-4 0  9998
2 14148  82.5199  96.2713 0023133  83.6465 300.2041 14.83257432862270
0 COSMOS 1484
1 14207U 83075A   13028.01864212  .17144267  28817-5  11508-3 0  9996
2 14207 097.5736 255.6458 0007149 229.5798 131.1414 16.53734211 67024
0 SL-3 R/B
1 14208U 83075B   17352.92923908 +.00000249 +00000-0 +18662-4 0  9990
2 14208 097.3402 355.9246 0038359 211.6932 148.1989 15.10582039875091
0 COSMOS 1500
1 14372U 83099A   17352.96812399 +.00001246 +00000-0 +59897-4 0  9996
2 14372 082.5140 160.9605 0015877 158.4873 316.5669 15.17788990865527
0 SL-14 R/B
1 14373U 83099B   17352.82981938 +.00000094 +00000-0 +84210-5 0  9996
2 14373 082.5421 072.0012 0019615 341.6529 157.6001 14.83707327848255
0 SL-8 R/B
1 14484U 83111B   15205.93052686  .08845674 -13632-5  17840-3 0  9993
2 14484 082.7984 284.0558 0021915 241.5243 119.6463 16.44974174635216
0 COSMOS 1510
1 14521U 83115A   17352.89310220 -.00000014 +00000-0 +22013-4 0  9992
2 14521 073.6152 147.8196 0026913 096.0526 060.3805 12.41156705544360
0 COSMOS 1515
1 14551U 83122A   17352.96645807 +.00001120 +00000-0 +54564-4 0  9997
2 14551 082.4983 352.0762 0007882 025.6551 033.5490 15.17312534597586
0 SL-14 R/B
1 14552U 83122B   17352.83797858 +.00000111 +00000-0 +10651-4 0  9996
2 14552 082.5255 263.7521 0015683 270.8243 089.1175 14.83428060815462
0 COSMOS 1536
1 14699U 84013A   17352.94123780 +.00000206 +00000-0 +12378-4 0  9990
2 14699 082.5252 150.6494 0013706 141.3835 218.8375 15.05210741819723
0 SL-14 R/B
1 14700U 84013B   17352.93533963 +.00000102 +00000-0 +94503-5 0  9996
2 14700 082.5361 344.2763 0021360 080.5116 342.7506 14.83214755807306
0 COSMOS 1544
1 14819U 84027A   17352.73399488 +.00001379 +00000-0 +51545-4 0  9997
2 14819 082.4833 202.2247 0015521 108.7042 251.5882 15.26364133843952
0 SL-14 R/B
1 14820U 84027B   17352.93305344 +.00000089 +00000-0 +78886-5 0  9994
2 14820 082.5415 172.7482 0019061 166.7918 193.3801 14.83582335802263
0 SL-8 R/B
1 14966U 84043B   17352.94126248 +.00000084 +00000-0 +73241-4 0  9992
2 14966 082.9729 316.4486 0014703 268.2571 144.6168 13.74498277685093
0 COSMOS 1589
1 15171U 84084A   17353.19600284  .00000031  00000-0  15552-3 0  9993
2 15171  82.5987 257.3182 0006046 331.4958 137.5082 12.42198746512955
0 COSMOS 1603
1 15333U 84106A   17352.76699189 -.00000155 +00000-0 -56395-4 0  9992
2 15333 071.0265 065.8691 0021968 283.9617 075.9062 14.14059345714114
0 ERBS
1 15354U 84108B   17353.20524057  .00004087  00000-0  93625-4 0  9991
2 15354  57.0086  61.0545 0016356  95.8285 264.4635 15.45019193826784
0 COSMOS 1606
1 15369U 84111A   17352.90334866 +.00000544 +00000-0 +26668-4 0  9991
2 15369 082.5279 300.8218 0017310 343.2905 016.7755 15.15862964808441
0 SL-14 R/B
1 15370U 84111B   17352.71627392 +.00000106 +00000-0 +98326-5 0  9996
2 15370 082.5157 194.5157 0021326 162.0524 198.1449 14.83637937770430
0 SL-8 R/B
1 15483U 85006B   17352.64161942 +.00000043 +00000-0 +23590-4 0  9991
2 15483 074.0460 016.7407 0019919 309.7004 188.7675 14.36210006722759
0 COSMOS 1626
1 15494U 85009A   17352.85076065 +.00001240 +00000-0 +51537-4 0  9992
2 15494 082.4808 064.8855 0003833 114.0517 246.1121 15.22868562796876
0 SL-14 R/B
1 15495U 85009B   17352.95416980 +.00000108 +00000-0 +10004-4 0  9994
2 15495 082.5237 014.4039 0021714 081.4625 278.9049 14.83795325756278
0 SL-14 R/B
1 15517U 85013B   17352.91768678 +.00000008 +00000-0 -65800-5 0  9999
2 15517 082.5363 294.4902 0015702 039.1521 321.0772 13.84879437660800
0 SL-14 R/B
1 15593U 85020B   17352.84413465 +.00000103 +00000-0 +93434-5 0  9993
2 15593 082.5390 089.8656 0012558 144.1435 355.4652 14.84304311771764
0 GEOSAT
1 15595U 85021A   17352.92067170 -.00000063 +00000-0 +23743-4 0  9994
2 15595 108.0366 119.0271 0001349 269.6288 196.2478 14.38053635716672
0 COSMOS 1656
1 15755U 85042A   17352.91462933 -.00000062 +00000-0 -66539-5 0  9991
2 15755 071.1103 334.0348 0033455 126.9151 233.5048 14.20417958686655
0 SL-12 R/B(2)
1 15772U 85042D   17352.96125951 -.00000111 +00000-0 -28967-4 0  9998
2 15772 071.1085 305.8319 0033333 117.7171 319.8187 14.21217240687704
0 COSMOS 1660
1 15821U 85047A   17352.62489539 +.00000014 +00000-0 +22800-3 0  9995
2 15821 073.6258 017.7989 0027476 194.7170 270.0414 12.40772096472645
0 SL-14 R/B
1 15890U 85058B   17352.80771216 +.00000083 +00000-0 +72414-5 0  9993
2 15890 082.5277 087.9024 0020176 336.1877 152.3530 14.83352981752284
0 SL-14 R/B
1 15945U 85069B   17353.04530171  .00000099  00000-0  89096-5 0  9997
2 15945  82.5273 319.8895 0020676  35.8994 324.3605 14.83954501748445
0 SL-8 R/B
1 16012U 85079B   17352.98337004  .00000122  00000-0  50519-4 0  9990
2 16012  74.0577 156.0314 0014743   9.9749 350.1693 14.36264728690329
0 SL-3 R/B
1 16111U 85090B   17352.91024641 +.00007793 +00000-0 +11723-3 0  9990
2 16111 097.3766 109.5882 0016549 059.1353 301.1526 15.54976014772976
0 SL-16 R/B
1 16182U 85097B   17352.96617426 -.00000114 +00000-0 -33597-4 0  9995
2 16182 071.0024 339.2933 0006848 170.6275 255.3384 14.16223016662101
0 SL-14 R/B
1 16263U 85108B   17352.91157024 +.00000072 +00000-0 +59041-5 0  9990
2 16263 082.5040 301.0153 0021649 099.1204 317.0861 14.83015010710680
0 SL-8 R/B
1 16494U 86005B   17352.93259008 +.00000070 +00000-0 +56029-4 0  9990
2 16494 082.9319 294.3651 0021015 080.9808 340.8396 13.76487930603077
0 SL-14 R/B
1 16496U 86006B   17352.94915517 +.00000112 +00000-0 +10552-4 0  9996
2 16496 082.5245 196.2482 0019327 175.5128 262.9860 14.84059274703655
0 SL-8 R/B
1 16511U 86008B   17352.83501605 +.00000044 +00000-0 +29900-4 0  9994
2 16511 082.9459 082.9932 0025388 125.5072 014.1227 13.75817288601402
0 COSMOS 1732
1 16593U 86015A   17352.88260456 -.00000031 +00000-0 -98837-4 0  9996
2 16593 073.6079 142.7651 0029093 193.1183 279.9452 12.41037407443191
0 COSMOS 1733
1 16611U 86018A   17352.76747462 +.00000944 +00000-0 +46602-4 0  9998
2 16611 082.4898 216.0410 0014047 064.6176 295.6509 15.16581124736697
0 SL-14 R/B
1 16612U 86018B   17352.90276793 +.00000078 +00000-0 +64295-5 0  9996
2 16612 082.5168 123.1310 0016181 262.7953 214.1120 14.84177740597757
0 COSMOS 1736
1 16647U 86024A   17352.94192279 -.00000084 +00000-0 +34867-5 0  9991
2 16647 064.9888 346.4125 0035310 161.0055 220.4680 13.79415450600528
0 SL-14 R/B
1 16720U 86034B   17352.83096117 +.00000102 +00000-0 +94927-5 0  9999
2 16720 082.5552 069.3599 0019471 208.4922 291.1578 14.83317416706638
0 COSMOS 1758
1 16791U 86046A   17353.09663032  .00000936  00000-0  64524-4 0  9999
2 16791  82.4703 211.8955 0016468 175.0556 185.0836 15.04592810713484
0 COSMOS 1766
1 16881U 86055A   17352.89559989 +.00000187 +00000-0 +95168-5 0  9998
2 16881 082.5049 202.9767 0016784 177.6262 182.5051 15.10352653688155
0 SL-14 R/B
1 16882U 86055B   17352.77260116 +.00000119 +00000-0 +11602-4 0  9992
2 16882 082.5223 060.7568 0020567 154.6919 345.0721 14.83145291674159
0 EGS (AJISAI)
1 16908U 86061A   17353.22344628 -.00000103  00000-0 -37432-4 0  9994
2 16908  50.0106 325.5862 0011317 205.0495 162.2870 12.44486785 94487
0 COSMOS 1771
1 16917U 86062A   17352.83653233 -.00000088 +00000-0 +52314-7 0  9996
2 16917 064.9840 091.5235 0064933 241.3304 118.1217 13.82499988582887
0 COSMOS 1782
1 16986U 86074A   17352.94454345 +.00001241 +00000-0 +81387-4 0  9990
2 16986 082.5079 301.4660 0012224 069.8583 290.3959 15.06755785677492
0 SL-14 R/B
1 16987U 86074B   17352.95431094 +.00000091 +00000-0 +82132-5 0  9990
2 16987 082.5158 137.3840 0018588 016.7275 103.8128 14.82990829664748
0 SL-8 R/B
1 17160U 86093B   17352.95523698 +.00000013 +00000-0 -22339-5 0  9995
2 17160 082.9279 287.2264 0039012 355.9378 071.8951 13.74598722557983
0 COSMOS 1803
1 17177U 86094A   17352.80459854 +.00000008 +00000-0 -13147-4 0  9990
2 17177 082.6066 108.0555 0003620 024.1414 130.7991 12.41554643406964
0 COSMOS 1805
1 17191U 86097A   17352.89309719 +.00000751 +00000-0 +41985-4 0  9997
2 17191 082.4730 207.5334 0005559 141.6997 218.4629 15.11987700691265
0 SL-14 R/B
1 17291U 87001B   17352.91072287 +.00000036 +00000-0 +19110-4 0  9995
2 17291 082.4690 072.7359 0010108 242.1974 117.8162 13.84569849563987
0 COSMOS 1812
1 17295U 87003A   17352.92700927 +.00001156 +00000-0 +60715-4 0  9992
2 17295 082.5139 323.2230 0002893 181.1937 178.9289 15.14767401686696
0 COSMOS 1818
1 17369U 87011A   17352.90736829 -.00000075 +00000-0 +95268-5 0  9993
2 17369 065.0116 295.9531 0014373 283.9190 140.5458 14.31429814665079
0 MOS 1A (MOMO 1)
1 17527U 87018A   17353.08282519  .00000045  00000-0  59124-4 0  9994
2 17527  99.2573  10.4211 0009105 139.8427 286.6323 14.02491758575375
0 N-2 R/B
1 17528U 87018B   17352.77169120 +.00000118 +00000-0 +34909-4 0  9997
2 17528 097.4751 289.1049 0153590 079.5366 311.7101 14.50824336606024
0 COSMOS 1823
1 17535U 87020A   17352.86838708 +.00000011 +00000-0 +20950-3 0  9995
2 17535 073.6020 245.1000 0028135 005.8811 085.8487 12.41316648396885
0 COSMOS 1825
1 17566U 87024A   17352.84788878 +.00000994 +00000-0 +45934-4 0  9993
2 17566 082.5056 107.0517 0002447 304.7456 055.3548 15.19042548681587
0 SL-14 R/B
1 17567U 87024B   17352.77717091 +.00000110 +00000-0 +10276-4 0  9996
2 17567 082.5290 026.2688 0020792 096.9380 263.4201 14.83683083642757
0 COSMOS 1833
1 17589U 87027A   17352.91593654 +.00000143 +00000-0 +10193-3 0  9999
2 17589 070.9214 156.5831 0028685 024.4529 335.7945 14.12907330586161
0 SL-16 R/B
1 17590U 87027B   17352.83469456 +.00000175 +00000-0 +11130-3 0  9991
2 17590 071.0026 121.1517 0004702 355.2409 004.8669 14.16751267590040
0 SL-14 R/B
1 17912U 87038B   17352.84294477 +.00000109 +00000-0 +10479-4 0  9994
2 17912 082.5029 237.1102 0019907 346.9889 013.0810 14.82959007655090
0 COSMOS 1844
1 17973U 87041A   17352.90281155 -.00000127 +00000-0 -41140-4 0  9992
2 17973 070.8980 244.2686 0032438 212.0174 147.8977 14.14058479579052
0 SL-16 R/B
1 17974U 87041B   17352.90760215 -.00000069 +00000-0 -10265-4 0  9991
2 17974 071.0080 240.6545 0011902 116.0414 317.8991 14.17235320582654
0 COSMOS 1860
1 18122U 87052A   17352.83718936 -.00000087 +00000-0 +11799-5 0  9997
2 18122 065.0087 151.8397 0042881 165.8728 194.3543 13.84808602543210
0 SL-14 R/B
1 18153U 87055B   17353.19375939  .00000091  00000-0  81681-5 0  9997
2 18153  82.5009 290.7796 0021251 190.1036 169.9755 14.83206700645788
0 COSMOS 1867
1 18187U 87060A   17352.78937847 -.00000118 +00000-0 -66561-5 0  9998
2 18187 065.0100 072.1795 0014319 277.6107 082.3351 14.31090861590186
0 SL-14 R/B
1 18215U 87062B   17353.01016193  .00000098  00000-0  90829-5 0  9990
2 18215  82.5129 110.3834 0019324 233.8978 244.9017 14.83135134643367
0 SL-14 R/B
1 18422U 87088B   17352.64430772 +.00000087 +00000-0 +77909-5 0  9991
2 18422 082.5108 004.0330 0019373 187.1473 312.2062 14.82954332608064
0 SL-8 R/B
1 18586U 87098B   17352.94741639 +.00000063 +00000-0 +30199-4 0  9996
2 18586 074.0071 315.1105 0021771 324.9863 034.9857 14.36807932573596
0 COSMOS 1900
1 18665U 87101A   17352.69911781 -.00000055 +00000-0 +11466-4 0  9996
2 18665 066.0853 043.5698 0042412 224.2986 135.4723 14.54435590597227
0 COSMOS 1908
1 18748U 88001A   17352.80390975 +.00000332 +00000-0 +16500-4 0  9998
2 18748 082.4737 239.9212 0013215 337.5275 022.5376 15.14115555633698
0 SL-14 R/B
1 18749U 88001B   17352.92008372 +.00000083 +00000-0 +72187-5 0  9996
2 18749 082.5138 131.8398 0020135 064.2339 052.1044 14.83138306596754
0 SL-14 R/B
1 18821U 88005B   17352.90882935 +.00000025 +00000-0 +87016-5 0  9997
2 18821 082.5438 275.1158 0014462 169.5202 190.6263 13.85108484510569
0 SL-8 R/B
1 18945U 88016J   17352.71280755 -.00000022 +00000-0 -59575-4 0  9994
2 18945 074.0090 081.7369 0140521 211.4597 304.0552 12.23983400330293
0 COSMOS 1932
1 18957U 88019A   17352.93357908 -.00000074 +00000-0 +12422-4 0  9995
2 18957 065.0423 176.1485 0052501 216.3659 143.3828 13.79673143501154
0 COSMOS 1933
1 18958U 88020A   17352.91541745 +.00000340 +00000-0 +22874-4 0  9997
2 18958 082.5303 285.5763 0012152 021.6245 338.5491 15.03369476598112
0 SL-14 R/B
1 18959U 88020B   17352.78888974 +.00000098 +00000-0 +90685-5 0  9997
2 18959 082.5387 098.3276 0015478 246.1800 113.7793 14.83364406586861
0 SL-3 R/B
1 18961U 88021B   17352.95502937 -.00000234 +00000-0 -12438-3 0  9994
2 18961 099.3329 004.9567 0055264 080.5720 337.3076 14.00727277521281
0 SL-8 R/B
1 18986U 88023B   17353.20786779  .00000057  00000-0  40614-4 0  9999
2 18986  82.9558 266.1339 0043033  59.5890 300.9510 13.78606586496120
0 SL-8 R/B
1 19039U 88029B   17352.96260580 +.00000075 +00000-0 +33020-4 0  9997
2 19039 074.0485 319.1612 0022327 086.3662 328.1649 14.38386703557139
0 SL-3 R/B
1 19046U 88032B   17352.89873693 -.00000369 +00000-0 -22906-4 0  9995
2 19046 097.5058 034.2416 0040467 065.3902 295.1531 15.02355038600084
0 COSMOS 1943
1 19119U 88039A   17352.81659838 -.00000165 +00000-0 -60247-4 0  9992
2 19119 071.0038 074.0551 0010066 147.2184 343.5839 14.15102167527944
0 SL-16 R/B
1 19120U 88039B   17352.90280289 -.00000108 +00000-0 -28229-4 0  9995
2 19120 071.0153 294.6235 0024389 265.4263 094.4076 14.19178456532328
0 COSMOS 1953
1 19210U 88050A   17352.75170674 +.00000488 +00000-0 +31888-4 0  9991
2 19210 082.5163 214.4180 0013511 358.7597 001.3593 15.05456374584474
0 SL-8 R/B
1 19257U 88053B   17352.93327740 +.00000096 +00000-0 +40791-4 0  9991
2 19257 074.0489 236.8974 0019286 081.7191 353.0228 14.37386462545034
0 OKEAN 1
1 19274U 88056A   17352.93269548 +.00000170 +00000-0 +96557-5 0  9999
2 19274 082.5033 331.0363 0013815 053.8159 306.4344 15.05888343581557
0 SL-14 R/B
1 19275U 88056B   17352.89244838 +.00000084 +00000-0 +75010-5 0  9995
2 19275 082.5146 158.4380 0019082 320.5771 039.4053 14.82667979569548
0 FENGYUN 1A
1 19467U 88080A   17352.92740806 +.00000020 +00000-0 +42128-4 0  9998
2 19467 099.1901 330.0392 0013263 272.0631 087.9016 14.03061508498824
0 COSMOS 1975
1 19573U 88093A   17352.92998626 +.00000114 +00000-0 +61072-5 0  9999
2 19573 082.5190 166.7264 0015062 035.1772 325.0445 15.04359869566441
0 SL-14 R/B
1 19574U 88093B   17352.90900030 +.00000086 +00000-0 +75914-5 0  9998
2 19574 082.5311 332.3571 0020484 224.7160 163.0427 14.83247945555748
0 COSMOS 1980
1 19649U 88102A   17352.60687440 +.00000249 +00000-0 +15424-3 0  9995
2 19649 071.0004 038.7637 0004497 009.1011 351.0192 14.14673464500380
0 SL-16 R/B
1 19650U 88102B   17353.19415224 -.00000261  00000-0 -10813-3 0  9994
2 19650  70.9995 346.0756 0016806 262.6088  97.3125 14.15763672502170
0 SL-8 R/B
1 19910U 89025J   17352.81607743 -.00000017 +00000-0 -22742-4 0  9999
2 19910 074.0083 074.8309 0131256 052.7602 080.6598 12.23284407283197
0 SL-8 R/B
1 19922U 89028B   17352.92083463 +.00000012 +00000-0 -40700-5 0  9993
2 19922 082.9592 289.7345 0037904 088.1092 272.4406 13.77199736442401
0 SL-8 R/B
1 20150U 89059B   17352.96652372 -.00000019 +00000-0 -35954-4 0  9999
2 20150 082.9391 317.0022 0030063 124.8265 293.0577 13.75629283425580
0 COSMOS 2037
1 20196U 89068A   17352.94515846 -.00000037 +00000-0 -14754-3 0  9995
2 20196 073.5643 146.1353 0026183 296.2360 230.7255 12.40585081281211
0 INTERCOSMOS 24
1 20261U 89080A   17352.84140145 +.00000289 +00000-0 +79625-4 0  9993
2 20261 082.5976 250.3226 1204267 030.9545 335.7174 12.55947763289141
0 SL-14 R/B
1 20262U 89080C   17352.92207290 +.00000011 +00000-0 -15714-5 0  9992
2 20262 082.5939 297.7579 1236923 195.3558 160.6572 12.48880587285203
0 COBE
1 20322U 89089A   17352.96596028 -.00000011 +00000-0 +20171-4 0  9994
2 20322 098.9446 006.4823 0009542 108.0132 308.7252 14.04814766439036
0 DELTA 1 R/B
1 20323U 89089B   17353.14951763  .00000019  00000-0  14260-4 0  9996
2 20323  97.1233 269.9522 0070786 217.9974 141.6218 14.48233925481499
0 DELTA 2 R/B(1)
1 20362U 89097B   17352.77911265 +.00019447 +00000-0 +24150-3 0  9992
2 20362 035.6064 104.3291 0047045 226.5645 265.2139 15.57701269529028
0 SL-8 R/B
1 20433U 90004B   17352.68265196 +.00000009 +00000-0 +11991-4 0  9990
2 20433 074.0363 017.4637 0039549 102.0822 037.2932 14.36013016461406
0 SPOT 2
1 20436U 90005A   17352.79156266 +.00000183 +00000-0 +38165-4 0  9998
2 20436 098.6400 270.6225 0146327 041.7397 319.4871 14.66278789460092
0 DELTA 2 R/B(1)
1 20453U 90008B   17352.93664330 +.00000940 +00000-0 +55245-4 0  9991
2 20453 035.6256 224.3534 0288191 265.5633 091.2107 14.83787281475651
0 COSMOS 2058
1 20465U 90010A   17353.16662060  .00000441  00000-0  35270-4 0  9993
2 20465  82.4907  69.9982 0016335  36.8734 323.3608 14.97645527513027
0 SL-14 R/B
1 20466U 90010B   17353.19128741  .00000084  00000-0  76364-5 0  9993
2 20466  82.5025 199.5027 0022062  90.8850 269.4892 14.81307895504888
0 SL-8 R/B
1 20509U 90017B   17352.91943034 -.00000030 +00000-0 -47048-4 0  9996
2 20509 082.9526 188.2948 0043350 008.2952 351.8911 13.75554481395515
0 OKEAN 2
1 20510U 90018A   17352.74045389 +.00000317 +00000-0 +23820-4 0  9994
2 20510 082.5148 354.2303 0013876 080.2630 039.2177 14.99062933509090
0 SL-14 R/B
1 20511U 90018B   17352.96582288 +.00000066 +00000-0 +56868-5 0  9993
2 20511 082.5223 142.0405 0016440 223.6250 240.9702 14.79965732478291
0 SL-8 R/B
1 20528U 90023B   17353.17329697  .00000055  00000-0  43590-4 0  9999
2 20528  82.9363 286.7029 0030682 230.1530 263.0716 13.72851776390416
0 HST
1 20580U 90037B   17352.96256779 +.00000539 +00000-0 +22144-4 0  9997
2 20580 028.4686 226.4107 0002669 004.8421 114.1347 15.08947086318130
0 COSMOS 2082
1 20624U 90046A   17353.15827117  .00000211  00000-0  13505-3 0  9995
2 20624  71.0376 187.4152 0013141 108.4704 251.7848 14.14236766423343
0 SL-16 R/B
1 20625U 90046B   17352.83555856 +.00000207 +00000-0 +13244-3 0  9993
2 20625 070.9984 121.5973 0014853 194.9114 165.1572 14.14621888423696
0 ROSAT
1 20638U 90049A   11295.95477602 +.11801250 +12635-4 +14055-3 0  9996
2 20638 052.9649 145.0450 0003875 266.7349 093.8309 16.49742883194609
0 COSMOS 2084
1 20663U 90055A   17353.18423445  .00000083  00000-0  24893-4 0  9997
2 20663  62.7927 330.6019 0135741 108.1462 253.4467 14.91741184487401
0 SL-6 R/B(2)
1 20666U 90055D   17352.93602365 +.00000099 +00000-0 +26672-4 0  9996
2 20666 062.7844 249.7718 0117211 127.7655 233.4127 14.92059641489270
0 INTELSAT 604
1 20667U 90056A   17352.00604801 -.00000154  00000-0  00000+0 0  9998
2 20667  12.3187  33.3158 0011616 248.8782 114.8994  0.98434232102703
0 COSMOS 2088
1 20720U 90066A   17352.88014064 +.00000008 +00000-0 +18640-3 0  9991
2 20720 073.5982 229.1068 0025216 013.7977 113.6507 12.40732666240359
0 SL-14 R/B
1 20741U 90070G   17352.88421063 +.00000009 +00000-0 -87406-5 0  9990
2 20741 082.5768 226.1611 0035991 159.1231 329.2595 12.55692648254161
0 SL-8 R/B
1 20775U 90078B   17353.17136781  .00001868  00000-0  90030-4 0  9997
2 20775  82.9300 256.4445 0585886 131.9388 233.3307 14.31560414375227
0 FENGYUN 1B
1 20788U 90081A   17352.90929510 +.00000035 +00000-0 +50328-4 0  9996
2 20788 098.8318 014.4773 0015718 349.5467 010.5371 14.02670337396592
0 SL-8 R/B
1 20805U 90083B   17352.92020080 +.00000044 +00000-0 +29453-4 0  9999
2 20805 082.9377 283.7944 0029326 236.5607 187.7766 13.75830778368537
0 SL-14 R/B
1 20967U 90104B   07008.18498612  .13537369 -13386-5  56173-4 0  9992
2 20967 082.4240 094.1023 0009798 286.5108 140.5507 16.57327006903997
0 SL-8 R/B
1 21015U 90111B   17352.96958611 -.00000005 +00000-0 +74267-5 0  9991
2 21015 074.0489 157.9699 0021493 014.9338 100.8734 14.35919390512416
0 SL-8 R/B
1 21088U 91006B   17352.82843571 +.00000030 +00000-0 +14998-4 0  9999
2 21088 082.9434 242.9644 0022778 160.2113 243.9165 13.77080001350748
0 SL-8 R/B
1 21090U 91007B   17352.79615982 +.00000006 +00000-0 -89159-5 0  9998
2 21090 082.9222 101.1296 0019750 235.4122 124.5172 13.76340158349376
0 SL-8 R/B
1 21153U 91019B   17352.80689896 +.00000039 +00000-0 +24247-4 0  9999
2 21153 082.9265 065.0105 0028831 356.1089 143.0903 13.75877640343780
0 SL-8 R/B
1 21231U 91029B   17352.90958069 +.00000291 +00000-0 +28384-3 0  9994
2 21231 082.9511 331.8340 0036625 074.5910 313.5906 13.75764590338926
0 NOAA 12
1 21263U 91032A   17352.92425015 +.00000005 +00000-0 +20135-4 0  9995
2 21263 098.5501 012.6380 0014797 101.6278 258.6564 14.25857570382796
0 OKEAN 3
1 21397U 91039A   17353.02492675  .00000362  00000-0  32589-4 0  9990
2 21397  82.5213 322.8177 0017476 344.3671  15.7006 14.92601340437359
0 COSMOS 2151
1 21422U 91042A   17352.84857883 +.00000282 +00000-0 +25334-4 0  9999
2 21422 082.5017 070.7227 0015160 043.0237 317.2164 14.91905729414957
0 SL-14 R/B
1 21423U 91042B   17353.14436767  .00000047  00000-0  31804-5 0  9997
2 21423  82.4930 148.5808 0017798   9.5997 350.5553 14.79717599429937
0 ERS 1
1 21574U 91050A   17353.19284661  .00000011  00000-0  18082-4 0  9995
2 21574  98.4831 297.6095 0033912 121.5726 238.8779 14.37624172384178
0 ARIANE 40 R/B
1 21610U 91050F   17353.17794773  .00000033  00000-0  24429-4 0  9990
2 21610  98.5816  50.6349 0004291 107.6253 314.1905 14.40823111386753
0 UARS
1 21701U 91063B   11267.10904230  .15227068  11945-4  11522-3 0  9995
2 21701 056.9313 262.1789 0003645 318.1436 041.9334 16.52554649109189
0 SL-14 R/B
1 21734U 91068G   17352.91398885 +.00000011 +00000-0 +18281-6 0  9998
2 21734 082.5824 239.2984 0108793 106.1027 318.2547 12.54224090200898
0 SL-8 R/B
1 21797U 91081B   17352.94437885 +.00000054 +00000-0 +38945-4 0  9993
2 21797 082.9546 284.9714 0036725 291.9640 133.7111 13.77424999309566
0 INTERCOSMOS 25
1 21819U 91086A   17352.92043429 +.00000751 +00000-0 +14238-3 0  9990
2 21819 082.5709 312.0636 1521659 053.8633 319.3842 12.04701775134509
0 SL-14 R/B
1 21820U 91086B   17352.62321583 +.00000142 +00000-0 +28696-4 0  9997
2 21820 082.5630 009.6796 1575769 249.6426 092.8873 11.93355648128787
0 SL-8 R/B
1 21876U 92008B   17352.93151623 +.00000083 +00000-0 +70289-4 0  9992
2 21876 082.9256 339.8989 0033567 237.4156 150.1418 13.75616327296557
0 SL-8 R/B
1 21903U 92012B   17352.79128872 +.00000086 +00000-0 +75137-4 0  9992
2 21903 082.9378 046.9859 0041464 298.3116 199.4863 13.74463378292665
0 SL-8 R/B
1 21938U 92020B   17352.77876580 +.00000107 +00000-0 +95730-4 0  9998
2 21938 082.9303 223.4148 0030113 038.9212 005.3840 13.75254567288369
0 SL-8 R/B
1 21984U 92030J   17353.16587998 -.00000056  00000-0 -36830-3 0  9996
2 21984  74.0015   4.7232 0124705 300.9758 119.9992 12.22223516139922
0 TOPEX/POSEIDON
1 22076U 92052A   17352.80598539 -.00000071 +00000-0 -43599-4 0  9994
2 22076 066.0414 097.4101 0007985 268.1296 267.8115 12.81013986186155
0 ARIANE 42P R/B
1 22079U 92052D   17352.94244389 -.00000032 +00000-0 +12858-3 0  9992
2 22079 066.0660 228.1781 0076194 269.3974 174.4178 12.77853775182995
0 SL-8 R/B
1 22081U 92053B   17352.94649409  .00000023  00000-0  17556-4 0  9998
2 22081  74.0448  99.9063 0035632  22.0984 338.1694 14.33399645325317
0 COSMOS 2219
1 22219U 92076A   17352.88789014 +.00000207 +00000-0 +13417-3 0  9991
2 22219 071.0594 171.9041 0016225 108.3178 251.9711 14.13632449293996
0 SL-16 R/B
1 22220U 92076B   17353.21270462  .00000048  00000-0  48073-4 0  9993
2 22220  71.0008  29.7783 0013527 340.6706  79.8862 14.16426664296979
0 SL-16 R/B
1 22285U 92093B   17352.95274560 -.00000142 +00000-0 -48729-4 0  9991
2 22285 071.0194 184.6884 0005684 226.5353 133.5297 14.15014707288391
0 COSMOS 2228
1 22286U 92094A   17353.54181259  .00000246  00000-0  24061-4 0  9997
2 22286  82.5196 199.3089 0020188 223.5908 136.3715 14.87886713350052
0 SL-16 R/B
1 22566U 93016B   17352.79121889 -.00000126 +00000-0 -40576-4 0  9990
2 22566 071.0088 039.4276 0011875 223.4733 136.5454 14.14957498277370
0 COSMOS 2242
1 22626U 93024A   17353.16526903  .00000291  00000-0  29158-4 0  9998
2 22626  82.5224 227.4182 0017886 224.0162 135.9632 14.87750228333659
0 SL-16 R/B
1 22803U 93059B   17352.92493415 -.00000248 +00000-0 -99988-4 0  9999
2 22803 070.9896 220.1504 0014945 106.6294 253.6472 14.16786047254195
0 ARIANE 40 R/B
1 22830U 93061H   17352.94883510 -.00000038 +00000-0 +29930-5 0  9990
2 22830 098.8738 012.4851 0011862 107.5397 252.7082 14.31414221264428
0 COSMOS 2278
1 23087U 94023A   17352.94422317 -.00000314 +00000-0 -14073-3 0  9996
2 23087 071.0529 332.8268 0011501 287.2213 072.7650 14.13755299220367
0 SL-16 R/B
1 23088U 94023B   17352.89568143 +.00000017 +00000-0 +33575-4 0  9996
2 23088 071.0012 254.3775 0004041 216.1905 143.8945 14.14666246221661
0 SL-16 R/B
1 23343U 94074B   17352.78778639 -.00000004 +00000-0 +69267-5 0  9992
2 23343 098.1307 031.4780 0006595 190.2781 264.4281 14.76719599244073
0 ERS 2
1 23560U 95021A   17352.96304520 +.00001820 +00000-0 +85168-4 0  9993
2 23560 098.5554 010.2799 0004477 050.7614 309.4015 15.21357917203443
0 ARIANE 40+ R/B
1 23561U 95021B   17352.95232405 +.00000048 +00000-0 +31421-4 0  9999
2 23561 098.7958 358.4430 0007938 075.2208 314.2085 14.37849644187585
0 SL-16 R/B
1 23705U 95058B   17352.59137636 -.00000212 +00000-0 -84746-4 0  9992
2 23705 071.0204 002.1444 0011949 005.8931 354.2330 14.15105154142978
0 SL-16 R/B
1 24298U 96051B   17353.19837396 -.00000123  00000-0 -39986-4 0  9998
2 24298  70.8457  32.2027 0018691 265.1232  94.7754 14.12477517 97944
0 ORBVIEW 2 (SEASTAR)
1 24883U 97037A   17352.88811276 +.00000033 +00000-0 +27893-4 0  9999
2 24883 098.5528 099.2164 0001257 283.9882 076.1163 14.33427785078115
0 TRMM
1 25063U 97074A   15166.76390326  .03950263  00000-0  41679-3 0  9996
2 25063 034.9372 203.9770 0001344 140.8634 219.2792 16.36482121  1874
0 SL-16 R/B
1 25400U 98043G   17352.82687298 -.00000007 +00000-0 +15153-4 0  9990
2 25400 098.5127 295.3482 0010875 113.1804 247.0523 14.25425478011149
0 SL-16 R/B
1 25407U 98045B   17353.19454674 -.00000242  00000-0 -98783-4 0  9992
2 25407  71.0102  12.6450 0010200 280.8271  79.1704 14.15768399  2373
0 ISS (ZARYA)
1 25544U 98067A   17353.62279634  .00002952  00000-0  51697-4 0  9998
2 25544  51.6404 193.8949 0002576 258.5864 180.5092 15.54194199 90599
